[mochaGrunge2X.png]
filters=finetune2=1,0.000000,0.000000,0.000000,00000000,0.719298;finetune2=1,0.000000,0.000000,0.000000,00000000,0.017544;
moddate=0000aae522ce0000
width=800
height=800
textactive=0
[mochaGrunge.png]
filters=CrossProcess=1,51.461990;
moddate=00006a0758cd0000
width=400
height=400
textactive=0
